# 東雲カイ#a50 の不満9軸の推移（1分1点）
# T+ | 空腹 睡眠 安全 居住 退屈 停滞 不公平 孤独 過密 | pos
T+00:40:59 |   0   0   0  18   8   9   0   0   0 | [767, 64, 197]
T+00:41:23 |   0   0   0  21   0  18   0   0  11 | [764, 63, 213]
T+00:42:23 |   0   0   0  21  24  41   0   0  19 | [760, 64, 204]
T+00:43:23 |   0   0   0  21  37  52   0   0  24 | [768, 60, 192]
T+00:44:23 |   0   0   0  21  51  64   0   0   0 | [765, 59, 194]
T+00:45:24 |   0   0   0  21  66  76   0   0   0 | [766, 61, 192]
T+00:46:23 |   0   0   0  21  73  81   0   0   3 | [766, 62, 190]
T+00:47:23 |   0   0   1  21   2  88   0   0   0 | [769, 60, 194]
T+00:48:23 |   0   0   1  21  21  91   0   0   0 | [791, 65, 178]
T+00:49:23 |   0   0   1  21  37  95   0   0   0 | [760, 67, 183]
T+00:50:24 |   0  69   3  84   4  96   0   0   3 | [764, 65, 186]
T+00:51:24 |   0  69  12  84  18  97   0   0  15 | [764, 65, 185]
T+00:52:23 |   0   5   3  84  32  97   0   0  14 | [768, 68, 163]
T+00:53:23 |   0  29   1  84  43  98   0   0  20 | [766, 60, 196]
T+00:54:24 |   0   5   1  84  15  98   0   0  11 | [769, 60, 193]
T+00:55:23 |   0   1   5  84  32  99   0   0   9 | [766, 62, 190]
T+00:56:23 |   0   1   3  84  42  99   0   0  10 | [769, 60, 195]
T+00:57:23 |   0   1   1  84  13  99   0   0  13 | [766, 61, 190]
T+00:58:23 |   0   1   2  44  23  99   0   0  17 | [761, 64, 200]
T+00:59:23 |   0   1   1  23  38  99   0   0  18 | [758, 63, 197]
T+01:00:23 |   0   1   1  23  49 100   0   0  28 | [765, 62, 198]
T+01:01:23 |   0   1   1  23  10 100   0   0   0 | [731, 64, 178]
T+01:02:24 |   0   1   1  23   6 100   0   0   0 | [746, 66, 153]
T+01:03:23 |   0   1   1  23   0 100   0   0   0 | [795, 68, 223]
T+01:04:23 |   0   1   1  23   6   7   0   0   0 | [766, 63, 197]
T+01:05:24 |   0   1   1  23   4  22   0   0   0 | [764, 63, 197]
T+01:06:23 |   0   1   1  23  24  41   0   0   0 | [762, 65, 188]
T+01:07:23 |   0   1   1  23  10  11   0   0   0 | [751, 63, 178]
T+01:08:24 |   0   1   1  23  26  29   0   0   0 | [768, 63, 210]
T+01:09:23 |   0   1   1  23   4  42   0   0   0 | [806, 67, 174]
T+01:10:24 |   4  67   2  82  20  53   0   0   0 | [760, 64, 202]
T+01:11:24 |   4  69   6  84  29  59   0   0   2 | [760, 64, 201]
T+01:12:23 |   4  69   6  84  29  59   0   0   2 | [760, 64, 201]
T+01:13:23 |   4  69   6  84  29  59   0   0   2 | [760, 64, 201]
T+01:14:24 |   4  69   6  84  29  59   0   0   2 | [760, 64, 201]
T+01:15:23 |   4  69   6  84  29  59   0   0   2 | [760, 64, 201]
T+01:16:23 |   4  69   6  84  29  59   0   0   2 | [760, 64, 201]
T+01:17:24 |   4  69   6  84  29  59   0   0   2 | [760, 64, 201]
T+01:18:23 |   4   9   1  30  34  62   0   0   7 | [761, 63, 211]
T+01:19:23 |   4   1   1  23  45  69   0   0   9 | [790, 65, 182]
T+01:20:24 |   9   1   1  23  21  80   0   0   0 | [727, 67, 156]
T+01:21:23 |   9   1   1  23  54  89   0   0   0 | [804, 69, 191]
T+01:22:23 |  11   1   1  23  62  92   0   0   0 | [781, 64, 194]
T+01:23:24 |  13   1   1  23   4  94   0   0   0 | [841, 65, 192]
T+01:24:23 |  13   1   1  23   0  95   0   0   0 | [844, 66, 199]
T+01:25:23 |  18   1   1  23  20  96   0   0   0 | [843, 66, 201]
T+01:26:24 |  18   1   1  23  37  97   0   0   0 | [734, 64, 178]
T+01:27:23 |  23   1   1  23  13  15   0   0   0 | [769, 64, 185]
T+01:28:24 |  23   1   1  23  27  30   0   0   1 | [790, 65, 195]
T+01:29:23 |  23   1   1  23  13  15   0   0   9 | [782, 63, 206]
T+01:30:23 |  23  37   4  80   2   2   0   0   0 | [785, 64, 211]
T+01:31:24 |  28  29   1  84  15  17   0   0   9 | [768, 60, 194]
T+01:32:23 |  28  69   1  84  26  29   0   0   4 | [765, 60, 196]
T+01:33:23 |  28  69   1  84   6  42   0   0   0 | [765, 60, 196]
T+01:34:23 |  28  69   1  84  18  50   0   0   0 | [767, 60, 194]
T+01:35:23 |  28  69   1  84  34  61   0   0   0 | [767, 60, 193]
T+01:36:23 |  33  69   1  84  11  70   0   0   0 | [806, 70, 169]
T+01:37:23 |  33  69   4  20   0   0   0   0   0 | [822, 66, 176]
T+01:38:24 |  33  25   1   7   8  17   0   0   0 | [743, 63, 211]
T+01:39:23 |   2   1   1   1  24  34   0   0   0 | [761, 68, 161]
T+01:40:23 |   1   1   1   1  39  48   0   0   0 | [795, 51, 165]
T+01:41:23 |   1   1   1   1  48  57   0   0   0 | [844, 66, 199]
T+01:42:23 |   1   1   1   1  59  67   0   0   4 | [844, 66, 199]
T+01:43:23 |   1   1   1   1   0  13   0   0   0 | [828, 64, 158]
T+01:44:23 |   1   1   1   1   0  26   0   0   0 | [829, 59, 159]
T+01:45:23 |   1   1   3   1   0  11   0   0   0 | [827, 58, 159]
T+01:46:24 |   1   1   1   1   0  29   0   0   0 | [827, 59, 229]
T+01:47:23 |   1   1   1   1   2  45   0   0   0 | [829, 64, 221]
T+01:48:24 |   1   1   1   1   0  56   0   0   0 | [819, 58, 249]
T+01:49:23 |   1   1   1   1  15  65   0   0   0 | [805, 69, 182]
T+01:50:23 |   1  69   1  17  33  73   0   0   3 | [806, 68, 199]
T+01:51:24 |   1  69   4  17  42  77   0   0   0 | [786, 64, 195]
T+01:52:23 |   1  69   1  17   2  81   0   0   0 | [806, 68, 165]
T+01:53:23 |   1  69   1  17  18  85   0   0   0 | [787, 65, 178]
T+01:54:24 |   1  69   7  17  10  15   0   0   0 | [784, 64, 146]
T+01:55:23 |   1  69  27  17   8   9   0   0   0 | [797, 62, 151]
T+01:56:23 |   1  69   3  17  20  22   0   0   0 | [796, 66, 175]
T+01:57:23 |   1  69   5  17   6   7   0   0   1 | [757, 62, 198]
T+01:58:23 |   1  25   1   6  21  24   0   0  38 | [767, 60, 202]
T+01:59:24 |   1   1   1   1  32  35   0   0  42 | [767, 61, 189]
T+02:00:23 |   1   1   1   1  41  45   0   0  54 | [767, 61, 189]
T+02:01:23 |   1   1   1   1  11  53   0   0  58 | [770, 60, 192]
T+02:02:23 |   1   1   1   1  26  61   0   0  63 | [767, 60, 201]
T+02:03:23 |   1   1   1   1  36  67   0   0  64 | [770, 60, 192]
T+02:04:24 |   1   1   1   1  13  73   0   0  61 | [767, 60, 198]
T+02:05:23 |   1   1   1   1  24  77   0   0  59 | [770, 60, 193]
T+02:06:24 |   1   1   1   1  37  81   0   0  66 | [770, 60, 192]
T+02:07:23 |   1   1   1   1  45  84   0   0  66 | [767, 59, 191]
T+02:08:24 |   1   1   1   9  54  87   0   0  69 | [770, 60, 192]
T+02:09:23 |   1   1   1   3  66  91   0   0  31 | [820, 65, 161]
T+02:10:23 |   1  68   4  17  10  92   0   0   0 | [813, 69, 168]
T+02:11:24 |   1  69   8  17  41  95   0   0   0 | [787, 65, 178]
T+02:12:23 |   4  69  34  17   0   0   0   0   0 | [825, 66, 156]
T+02:13:23 |   4  69   2  17  10  11   0   0   0 | [798, 66, 172]
T+02:14:24 |   4  69   1  17  24  27   0   0   0 | [805, 67, 165]
T+02:15:23 |   4  69  24  17  37  41   0   0   0 | [851, 64, 151]
T+02:16:23 |   9  69  27  17  46  50   0   0   0 | [762, 62, 112]
T+02:17:23 |   9  69  25  17  53  58   0   0   0 | [797, 62, 151]
T+02:18:23 |   9  15   1   4  59  64   0   0   0 | [787, 66, 192]
T+02:19:24 |   9   1   1   1  65  70   0   0   0 | [797, 67, 188]
T+02:20:23 |  13   1  25   1   0   0   0   0   0 | [747, 62, 154]
T+02:21:23 |  13   1   1   1  11  13   0   0   0 | [747, 62, 154]
T+02:22:24 |  13   1   1   1  21  24   0   0   0 | [747, 62, 154]
T+02:23:23 |  13   1   1   1  34  54   0   0   0 | [791, 64, 165]
T+02:24:24 |  18   1   1   1  10  64   0   0   0 | [844, 66, 200]
T+02:25:23 |  18   1   1   1  29  73   0   0   0 | [794, 62, 131]
T+02:26:24 |  18   1   1   1  38  77   0   0   0 | [750, 62, -159]
T+02:27:23 |  18   1   1   1  45  80   0   0   0 | [730, 62, -309]
T+02:28:24 |  18   1   1   1  51  82   0   0   0 | [733, 62, -314]
T+02:29:23 |  18   1   1   1  57  84   0   0   0 | [727, 62, -315]
T+02:30:23 |  18  61  17  16  62  86   0   0   0 | [730, 62, -309]
T+02:31:24 |  18  69  31  17  66  88   0   0   0 | [733, 62, -315]
T+02:32:23 |  18  69  31  17  70  90   0   0   0 | [727, 62, -315]
T+02:33:23 |  18  69  31  17  73  91   0   0   0 | [730, 62, -309]
T+02:34:24 |  18  69  31  17  76  92   0   0   0 | [733, 62, -315]
T+02:35:23 |  18  69  31  17  79  93   0   0   0 | [727, 62, -315]
T+02:36:23 |  18  69  31  17  81  94   0   0   0 | [730, 62, -309]
T+02:37:24 |  18  69  31  17  83  95   0   0   0 | [733, 62, -315]
T+02:38:23 |  18  25   6   6  85  95   0   0   0 | [727, 62, -315]
T+02:39:24 |  18   1   1   1  87  96   0   0   0 | [730, 62, -309]
T+02:40:23 |  18   1   1   1  88  97   0   0   0 | [733, 62, -315]
T+02:41:24 |  18   1   1   1  90  97   0   0   0 | [718, 62, -60]
T+02:42:23 |  18   1   1   1  10  11   0   0   0 | [729, 62, 40]
T+02:43:23 |  18   1   1   1  24  27   0   0   0 | [740, 61, 51]
T+02:44:23 |  18   1   1   1  33  36   0   0   0 | [765, 61, 76]
T+02:45:23 |  18   1   1   1  41  45   0   0   0 | [786, 62, 104]
T+02:46:24 |  18   1   1   1  45  49   0   0   0 | [795, 62, 149]
T+02:47:23 |  18   1   1   1  56  61   0   0   0 | [789, 63, 142]
T+02:48:24 |  23   1   3   1   2  74   0   0   0 | [828, 54, 160]
T+02:49:23 |  23   1   5   1   0  79   0   0   0 | [832, 53, 161]
T+02:50:23 |  23  67   1  17  13  15   0   0  11 | [768, 61, 194]
T+02:51:24 |  23  69   1  17  27  30   0   0  48 | [769, 60, 193]
T+02:52:23 |  23  69   1  17  37  41   0   0  56 | [774, 60, 193]
T+02:53:23 |  28  69   1  17   6   7   0   0  10 | [803, 67, 176]
T+02:54:23 |  28  69   1  17  39  43   0   0   0 | [791, 62, 142]
T+02:55:23 |  32  69   1  17  49  54   0   0  21 | [781, 63, 201]
T+02:56:24 |  33  69   1  17  57  61   0   0  21 | [796, 65, 182]
T+02:57:23 |  33  69   1  17   6   7   0   0  33 | [767, 60, 202]
T+02:58:24 |  33  15   1   4  20  22   0   0  44 | [774, 60, 193]
T+02:59:23 |  33   1   1   1  33  36   0   0  46 | [773, 60, 193]
T+03:00:23 |  37   1   1   1  43  47   0   0  47 | [773, 60, 193]
T+03:01:23 |  37   1   1   1   8  57   0   0  46 | [767, 59, 192]
T+03:02:23 |  37   1   1   1  21  64   0   0  45 | [769, 60, 193]
T+03:03:24 |  37   1   1   1  32  69   0   0  48 | [766, 59, 192]
T+03:04:23 |  37   1   1   1  43  75   0   0  52 | [765, 60, 193]
T+03:05:23 |  42   1   1   1  51  79   0   0  48 | [770, 60, 193]
T+03:06:23 |  42   1   1   1  59  83   0   0  50 | [774, 60, 193]
T+03:07:23 |  42   1   1   1  66  86   0   0  53 | [767, 60, 203]
T+03:08:24 |  42   1   1   1  71  88   0   0  48 | [767, 59, 191]
T+03:09:23 |  42   1   1   1  76  91   0   0  49 | [769, 60, 193]
T+03:10:23 |  42  65   1  17  79  92   0   0  48 | [769, 60, 193]
T+03:11:23 |  42  69   1  17  82  93   0   0  42 | [766, 60, 198]
T+03:12:23 |  47  69   1  17  87  95   0   0  43 | [767, 60, 206]
T+03:13:23 |  47  69   1  17  88  96   0   0  46 | [772, 60, 193]
T+03:14:23 |  47  69   1  17  90  97   0   0  49 | [774, 60, 193]
T+03:15:23 |  47  69   1  82  92  97   0   0  48 | [763, 60, 197]
T+03:16:24 |  47  69   1  84  93  98   0   0  48 | [770, 60, 193]
T+03:17:23 |  47  69   1  84  94  98   0   0  50 | [765, 59, 193]
T+03:18:23 |  52  15   1  35  95  99   0   0  36 | [766, 59, 192]
T+03:19:24 |  52   1   1  23  11  13   0   0  52 | [766, 59, 192]
T+03:20:23 |  52   1   1  23  36  39   0   0  54 | [766, 60, 198]
T+03:21:23 |  52   1   1  23   2  60   0   0  46 | [767, 60, 207]
T+03:22:23 |  52   1   1  23  33  74   0   0  44 | [766, 60, 198]
T+03:23:23 |  52   1   1  23  41  77   0   0  48 | [769, 60, 193]
T+03:24:24 |  52   1   1  23  47  80   0   0  49 | [768, 60, 192]
T+03:25:23 |  19   1   1  23  11  83   0   0  41 | [768, 60, 192]
T+03:26:23 |   6   1   1  23  24  86   0   0  26 | [807, 68, 165]
T+03:27:23 |   6   1   1  23  34  88   0   0  31 | [769, 60, 193]
T+03:28:23 |   6   1   1  23  43  90   0   0  36 | [774, 60, 193]
T+03:29:24 |   6   1   1  23  53  92   0   0  42 | [768, 61, 193]
T+03:30:23 |   6  68   1  83  62  94   0   0  44 | [774, 63, 187]
T+03:31:23 |   6  69   1  26  69  95   0   0   0 | [803, 67, 165]
T+03:32:24 |   6  69   1  19  74  96   0   0   0 | [801, 65, 167]
T+03:33:24 |   6  69   1  19  11  13   0   0   0 | [779, 64, 187]
T+03:34:23 |   6  69   1  19  27  30   0   0   0 | [786, 65, 179]
T+03:35:23 |   6  69   1  19   8  42   0   0   0 | [786, 66, 180]
T+03:36:24 |   6  69   2  19  23  53   0   0   0 | [782, 64, 194]
T+03:37:23 |   6  69   1  19  11  62   0   0   0 | [768, 61, 189]
T+03:38:24 |   6  15   1   4  26  69   0   0   0 | [792, 65, 179]
T+03:39:23 |   6   1   1   1  37  74   0   0   0 | [782, 63, 191]
T+03:40:23 |   6   1   1   1  47  79   0   0   0 | [768, 61, 194]
T+03:41:24 |   6   1   1   1  58  84   0   0   0 | [814, 62, 144]
T+03:42:23 |   6   1   1   1  69  88   0   0   0 | [805, 68, 170]
T+03:43:23 |   6   1   1   1  80  93   0   0   0 | [803, 65, 160]
T+03:44:24 |   6   1   1   1  30  96   0   0   0 | [791, 65, 183]
T+03:45:23 |   6   1   1   1  42  96   0   0   0 | [806, 68, 165]
T+03:46:24 |   6   1   1   1   0  97   0   0   0 | [817, 68, 164]
T+03:47:23 |   6   1   1   1   0  98   0   0   0 | [841, 66, 160]
T+03:48:23 |   6   1   1   1   0  98   0   0   0 | [845, 67, 162]
T+03:49:24 |   6   1   1   1  13  98   0   0   0 | [774, 62, 193]
T+03:50:23 |   6  61   1  16  24  99   0   0   0 | [810, 70, 176]
T+03:51:23 |   6  69   1  17   8  99   0   0   0 | [772, 63, 186]
T+03:52:23 |   6  69   4  17  23  99   0   0   0 | [792, 65, 173]
T+03:53:24 |   6  69   1  17  38  99   0   0   0 | [787, 65, 176]
T+03:54:23 |   6  69   1  17  50  99   0   0   0 | [788, 65, 176]
T+03:55:23 |   6  69   2  17  61 100   0   0   0 | [773, 63, 161]
T+03:56:23 |   9  69   1  17  72 100   0   0   0 | [787, 63, 160]
T+03:57:23 |   9  69  10  17   2   2   0   0   0 | [830, 66, 177]
T+03:58:23 |   9   1   1   1  27  42   0   0   0 | [785, 63, 136]
T+03:59:24 |  13   1   1   1   4  54   0   0   0 | [782, 63, 196]
T+04:00:23 |  13   1   1   1  20  62   0   0   0 | [825, 66, 158]
T+04:01:23 |  17   1   1   1   6  69   0   0   0 | [807, 68, 173]
T+04:02:24 |  18   1   1   1  23  75   0   0   0 | [840, 64, 152]
T+04:03:23 |  18   1   1   1   8  80   0   0   0 | [806, 61, 132]
T+04:04:23 |  18   1   1   1  24  84   0   0   0 | [808, 70, 157]
T+04:05:24 |  22   1   1   1  39  87   0   0   0 | [837, 62, 146]
T+04:06:23 |  23   1   1   1  11  89   0   0   0 | [842, 66, 202]
T+04:07:23 |  23   1   1   1  10  91   0   0   0 | [842, 68, 200]
T+04:08:24 |  25   1   1   1  37  94   0   0   0 | [797, 65, 168]
T+04:09:23 |  28   1   1   1   0  95   0   0   0 | [843, 62, 164]
T+04:10:23 |  28  65   1  17  13  15   0   0   0 | [808, 69, 177]
T+04:11:24 |  33  69   1  17  24  27   0   0   0 | [793, 65, 171]
T+04:12:23 |  33  69   7  17  15  41   0   0   0 | [786, 65, 183]
T+04:13:23 |  36  69   1  17  29  52   0   0   0 | [777, 63, 186]
T+04:14:23 |  37  69   1  17  39  60   0   0   0 | [751, 63, 204]
T+04:15:24 |  37  69   1  17  48  66   0   0   0 | [775, 68, 175]
T+04:16:23 |  42  69   1  17  56  72   0   0   0 | [774, 65, 181]
T+04:17:23 |  42  69   1  17   8  78   0   0   0 | [805, 67, 167]
T+04:18:24 |  42   9   1   2  29  83   0   0   0 | [786, 65, 179]
T+04:19:23 |  47   1   1   1  18  87   0   0   0 | [788, 64, 157]
T+04:20:23 |  47   1   1   1   0  20   0   0   0 | [796, 66, 175]
T+04:21:24 |  47   1   1   1  18  36   0   0   0 | [785, 66, 179]
T+04:22:23 |  52   1   1   1  18  52   0   0   0 | [795, 64, 166]
T+04:23:23 |  52   1   1   1   8  62   0   0   0 | [813, 69, 179]
T+04:24:24 |  57   1   1   1  23  69   0   0   0 | [812, 70, 178]
T+04:25:23 |  57   1   1   1  36  75   0   0   0 | [789, 64, 175]
T+04:26:23 |  57   1   1   1  49  81   0   0   0 | [805, 67, 167]
T+04:27:23 |  61   1   1   1  57  84   0   0   0 | [804, 66, 165]
T+04:28:23 |  61   1   1   1  64  87   0   0   0 | [763, 68, 177]
T+04:29:24 |  65   1   1   1  71  90   0   0   0 | [720, 51, 206]
T+04:30:23 |  66  68   1  17  77  92   0   0   0 | [722, 64, 202]
T+04:31:23 |  66  69   1  17  82  94   0   0   0 | [738, 63, 211]
T+04:32:23 |  89  69   1  17  84  95   0   0   0 | [789, 66, 188]
T+04:33:24 |  89  69   1  17  87  96   0   0   0 | [783, 64, 182]
T+04:34:23 |  95  69   1  17  90  97   0   0   0 | [776, 63, 186]
T+04:35:23 |  95  69  10  17  11  22   0   0   0 | [719, 64, 201]
T+04:36:24 |  54  69   1  17   0  24   0   0   0 | [735, 63, 180]
T+04:37:23 |  54  69  11  17   8  13   0   0   0 | [753, 62, 192]
T+04:38:23 |  54  15   1   4   6  27   0   0   0 | [806, 68, 165]
T+04:39:24 |   6   1   1   1  20  32   0   0   0 | [836, 62, 145]
T+04:40:23 |   6   1   1   1  41  52   0   0   0 | [805, 67, 167]
T+04:41:23 |   6   1   1   1  53  63   0   0   0 | [811, 70, 158]
T+04:42:23 |   6   1   1   1  71  79   0   0   0 | [822, 66, 172]
T+04:43:23 |   6   1   1   1   4  82   0   0   0 | [842, 67, 201]
T+04:44:24 |   6   1   1   1  20  85   0   0   0 | [842, 67, 201]
T+04:45:23 |   6   1   1   1  10  15   0   0   0 | [810, 68, 205]
T+04:46:23 |   6   1   1   1  13  36   0   0   0 | [833, 66, 185]
T+04:47:24 |   6   1   1   1  30  50   0   0   0 | [743, 64, 179]
T+04:48:23 |   6   1   1   1  48  65   0   0   0 | [722, 64, 183]
T+04:49:24 |   6   1   1   1   4   4   0   0   0 | [735, 64, 182]
T+04:50:23 |   6  68   1  17  21  24   0   0   0 | [714, 64, 212]
T+04:51:23 |   6  69   1  17  10  38   0   0   0 | [799, 66, 172]
T+04:52:23 |   6  69   1  17  24  49   0   0   0 | [800, 64, 161]
T+04:53:24 |   6  69   1  17  11  58   0   0   0 | [805, 67, 169]
T+04:54:23 |   6  69   1  17  32  69   0   0   0 | [804, 66, 165]
T+04:55:23 |   6  69   1  17  44  75   0   0   0 | [788, 66, 186]
T+04:56:23 |   6  69   1  17   0  80   0   0   0 | [783, 65, 179]
T+04:57:23 |   6  69   1  17   6  11   0   0   0 | [797, 64, 168]
T+04:58:23 |   6   1   1   1  38  45   0   0   0 | [777, 63, 185]
T+04:59:22 |   6   1   1   1  62  68   0   0   0 | [831, 63, 155]
T+05:00:23 |   6   1   1   1   4  15   0   0   0 | [807, 68, 173]
T+05:01:23 |   6   1   1   1   0  32   0   0   0 | [826, 67, 182]
T+05:02:24 |   6   1   1   1  37  60   0   0   0 | [846, 67, 172]
T+05:03:23 |   6   1   1   1  44  65   0   0   0 | [846, 67, 172]
T+05:04:24 |   6   1   1   1  53  71   0   0   0 | [838, 67, 163]
T+05:05:23 |   6   1   1   1  69  82   0   0   0 | [757, 64, 131]
T+05:06:23 |   6   1   1   1  75  86   0   0   0 | [854, 66, 203]
T+05:07:24 |   6   1   1   1  81  89   0   0   0 | [813, 62, 143]
T+05:08:23 |   6   1   1   1  88  94   0   0   0 | [821, 63, 148]
T+05:09:23 |   6   1   1   1  91  96   0   0   0 | [823, 65, 169]
T+05:10:24 |   6  69   3  17  10  97   0   0   0 | [811, 70, 164]
T+05:11:24 |   6  69   1  17  11  98   0   0   0 | [805, 68, 170]
T+05:12:23 |   6  69   5  17  23  98   0   0   0 | [804, 61, 141]
T+05:13:23 |   6  69   1  17   6   7   0   0   0 | [794, 63, 161]
T+05:14:24 |   6  69   1  17  24  27   0   0   0 | [806, 68, 164]
T+05:15:23 |   6  69   1  17  36  39   0   0   0 | [779, 64, 186]
T+05:16:23 |   6  69   1  17   6  50   0   0   0 | [777, 66, 164]
T+05:17:25 |   6  69  11  17  20  59   0   0   0 | [709, 68, 209]
T+05:18:24 |   6  15   1   4  32  66   0   0   0 | [777, 63, 210]
T+05:19:23 |   6   1   1   1  43  72   0   0   0 | [751, 64, 194]
T+05:20:23 |   6   1   1   1  59  81   0   0   0 | [713, 65, 206]
T+05:21:22 |   9   1   1   1  70  86   0   0   0 | [717, 64, 187]
T+05:22:23 |   9   1   1   1  77  90   0   0   0 | [719, 64, 191]
T+05:23:23 |  13   1   1   1  83  93   0   0   0 | [742, 63, 180]
T+05:24:23 |  13   1   1   1   0  95   0   0   0 | [741, 53, 156]
T+05:25:23 |  13   1   1   1   8  95   0   0   0 | [745, 56, 158]
T+05:26:24 |  13   1   1   1   8  95   0   0   0 | [745, 56, 158]
T+05:27:23 |  13   1   1   1  15  96   0   0   0 | [744, 53, 156]
T+05:28:23 |  13   1   1   1  15  96   0   0   0 | [744, 53, 156]
T+05:29:24 |  13   1   1   1  32  97   0   0   0 | [809, 68, 174]
T+05:30:23 |  18  67   7  17   6  97   0   0   0 | [824, 64, 164]
T+05:31:25 |  18  69   1  17  18  98   0   0   0 | [786, 63, 146]
T+05:32:23 |   7  69   1  17  48  99   0   0   0 | [791, 64, 163]
T+05:33:24 |   1  69   1  17  62  99   0   0   0 | [775, 64, 131]
T+05:34:23 |   1  69   1  17  78  99   0   0   0 | [818, 63, 149]
T+05:35:25 |   1  69  25  17  83 100   0   0   0 | [802, 62, 98]
T+05:36:24 |   1  69  31  17   4 100   0   0   0 | [745, 62, 51]
T+05:37:23 |   1  69  31  17  15 100   0   0   0 | [1012, 62, -216]
T+05:38:23 |   1  25   6   6  24 100   0   0   0 | [1279, 62, -483]
T+05:39:24 |   1   1   1   1  33 100   0   0   0 | [1546, 62, -750]
T+05:40:23 |   1   1   1   1  10 100   0   0   0 | [1622, 62, -818]
T+05:41:23 |   1   1   1   1  21 100   0   0   0 | [1622, 62, -813]
T+05:42:24 |   1   1   1   1  30 100   0   0   0 | [1622, 62, -435]
T+05:43:23 |   4   1   5  43   4 100   0   0   0 | [1576, 62, -175]
T+05:44:23 |   4   1   1   2  15 100   0   0   0 | [1226, 62, -319]
T+05:45:24 |   4   1   1   1  24 100   0   0   0 | [877, 62, -464]
T+05:46:24 |   4   1   1   1  33 100   0   0   0 | [528, 62, -609]
T+05:47:23 |   4   1   1   1  41 100   0   0   0 | [179, 62, -753]
T+05:48:24 |   4   1   1   1  47 100   0   0   0 | [-171, 62, -898]
T+05:49:23 |   4   1   1   1  53 100   0   0   0 | [-520, 62, -1042]
T+05:50:23 |   4  61  21  16  10 100   0   0   0 | [-618, 62, -1043]
T+05:51:24 |   4  69  31  17  20 100   0   0   0 | [-618, 62, -665]
T+05:52:23 |   4  69  31  17  29 100   0   0   0 | [-618, 62, -287]
T+05:53:23 |   4  69  31  17  37 100   0   0   0 | [-618, 62, 91]
T+05:54:23 |   4  69  31  17  44 100   0   0   0 | [-618, 62, 469]
T+05:55:23 |   4  69  31  17  50 100   0   0   0 | [-618, 62, 847]
T+05:56:23 |   4  69  33  17   2 100   0   0   0 | [-736, 62, 859]
T+05:57:23 |   4  69  31  17  13 100   0   0   0 | [-786, 62, 922]
T+05:58:24 |   4  25  10   6  29 100   0   0   0 | [-779, 62, 917]
T+05:59:23 |   4   1   1   1  38 100   0   0   0 | [-1041, 62, 919]
T+06:00:23 |   4   1   1   1  45 100   0   0   0 | [-1419, 62, 919]
T+06:01:23 |   4   1   1   1  51 100   0   0   0 | [-1797, 62, 919]
T+06:02:24 |   4   1   1   1   0 100   0   0   0 | [-2111, 63, 926]
T+06:03:23 |   4   1   1   1  15 100   0   0   0 | [-2075, 62, 897]
T+06:04:23 |   9   1   1   1  13 100   0   0   0 | [-2034, 62, 1126]
T+06:05:24 |   9   1   1   1  26 100   0   0   0 | [-2008, 62, 1100]
T+06:06:23 |   9   1   1   1  34 100   0   0   0 | [-1988, 62, 1150]
T+06:07:23 |   9   1   1   1   6 100   0   0   0 | [-2016, 62, 1061]
T+06:08:24 |   9   1   1   1   8 100   0   0   0 | [-2069, 67, 840]
T+06:09:23 |   9   1   1   1  21 100   0   0   0 | [-1991, 61, 815]
T+06:10:23 |   9  61  23  16  30 100   0   0   0 | [-1955, 61, 815]
T+06:11:24 |   9  69  31  17  38 100   0   0   0 | [-1949, 62, 1131]
T+06:12:23 |   9  69  33  17   4 100   0   0   0 | [-1981, 62, 1329]
T+06:13:23 |   9  69  19  17  13 100   0   0   0 | [-1924, 64, 1230]
T+06:14:24 |   9  69  34  17  27 100   0   0   0 | [-1906, 61, 1203]
T+06:15:28 |   9  69  37  17  33 100   0   0   0 | [-1890, 61, 1187]
T+06:16:44 |   9  69  37  17  33 100   0   0   0 | [-1890, 61, 1187]
T+06:17:28 |   9  69  37  17  33 100   0   0   0 | [-1890, 61, 1187]
T+06:18:29 |   9  69  37  17  33 100   0   0   0 | [-1890, 61, 1187]
T+06:19:31 |   9  69  37  17  33 100   0   0   0 | [-1890, 61, 1187]
T+06:20:59 |   9  69  37  17  33 100   0   0   0 | [-1890, 61, 1187]
T+06:21:56 |   9  69  37  17  33 100   0   0   0 | [-1890, 61, 1187]
T+06:22:48 |   9  69  37  17  33 100   0   0   0 | [-1890, 61, 1187]
T+06:23:41 |   9  69  37  17  33 100   0   0   0 | [-1890, 61, 1187]
T+06:24:32 |   9  69  37  17  33 100   0   0   0 | [-1890, 61, 1187]
T+06:25:24 |   9  69  37  17  33 100   0   0   0 | [-1890, 61, 1187]
T+06:26:26 |   9  69  37  17  33 100   0   0   0 | [-1890, 61, 1187]
T+06:27:24 |   9  69  37  17  33 100   0   0   0 | [-1890, 61, 1187]
T+06:28:37 |   9  69  37  17  33 100   0   0   0 | [-1890, 61, 1187]
T+06:29:41 |   9  69  37  17  33 100   0   0   0 | [-1890, 61, 1187]
T+06:30:24 |   9  69  37  17  33 100   0   0   0 | [-1890, 61, 1187]
T+06:31:26 |   9  69  37  17  33 100   0   0   0 | [-1890, 61, 1187]
T+06:32:23 |   9  69  37  17  33 100   0   0   0 | [-1890, 61, 1187]
T+06:33:23 |   9  69  37  17  33 100   0   0   0 | [-1890, 61, 1187]
T+06:34:27 |   9  69  37  17  33 100   0   0   0 | [-1890, 61, 1187]
T+06:35:46 |   9  69  37  17  33 100   0   0   0 | [-1890, 61, 1187]
T+06:36:50 |   9  69  37  17  33 100   0   0   0 | [-1890, 61, 1187]
T+06:37:30 |   9  69  37  17  33 100   0   0   0 | [-1890, 61, 1187]
T+06:38:35 |   9  69  37  17  33 100   0   0   0 | [-1890, 61, 1187]
T+06:39:40 |   9  69  37  17  33 100   0   0   0 | [-1890, 61, 1187]
T+06:40:33 |   9  69  37  17  33 100   0   0   0 | [-1890, 61, 1187]
T+06:41:24 |   9  69  37  17  33 100   0   0   0 | [-1890, 61, 1187]
T+06:42:40 |   9  69  37  17  33 100   0   0   0 | [-1890, 61, 1187]
T+06:43:24 |   9  69  37  17  33 100   0   0   0 | [-1890, 61, 1187]
T+06:44:26 |   9  69  37  17  33 100   0   0   0 | [-1890, 61, 1187]
T+06:45:29 |   9  69  37  17  33 100   0   0   0 | [-1890, 61, 1187]
T+06:46:24 |   9  69  37  17  33 100   0   0   0 | [-1890, 61, 1187]
T+06:47:29 |   9  69  37  17  33 100   0   0   0 | [-1890, 61, 1187]
T+06:48:24 |   9  69  37  17  33 100   0   0   0 | [-1890, 61, 1187]
T+06:49:37 |   9  69  37  17  33 100   0   0   0 | [-1890, 61, 1187]
T+06:50:41 |   9  69  37  17  33 100   0   0   0 | [-1890, 61, 1187]
T+06:51:24 |   9  69  37  17  33 100   0   0   0 | [-1890, 61, 1187]
T+06:52:23 |   9  69  37  17  33 100   0   0   0 | [-1890, 61, 1187]
T+06:53:35 |   9  69  37  17  33 100   0   0   0 | [-1890, 61, 1187]
T+06:54:47 |   9  69  37  17  33 100   0   0   0 | [-1890, 61, 1187]
T+06:55:51 |   9  69  37  17  33 100   0   0   0 | [-1890, 61, 1187]
T+06:56:32 |   9  69  37  17  33 100   0   0   0 | [-1890, 61, 1187]
T+06:57:36 |   9  69  37  17  33 100   0   0   0 | [-1890, 61, 1187]
T+06:58:47 |   9  69  37  17  33 100   0   0   0 | [-1890, 61, 1187]
T+06:59:24 |   9  69  37  17  33 100   0   0   0 | [-1890, 61, 1187]
T+07:00:33 |   9  69  37  17  33 100   0   0   0 | [-1890, 61, 1187]
T+07:01:42 |   9  69  37  17  33 100   0   0   0 | [-1890, 61, 1187]
T+07:02:24 |   9  69  37  17  33 100   0   0   0 | [-1890, 61, 1187]
T+07:03:26 |   9  69  37  17  33 100   0   0   0 | [-1890, 61, 1187]
T+07:04:31 |   9  69  37  17  33 100   0   0   0 | [-1890, 61, 1187]
T+07:05:57 |   9  69  37  17  33 100   0   0   0 | [-1890, 61, 1187]
T+07:06:26 |   9  69  37  17  33 100   0   0   0 | [-1890, 61, 1187]
T+07:07:56 |   9  69  37  17  33 100   0   0   0 | [-1890, 61, 1187]
T+07:08:37 |   9  69  37  17  33 100   0   0   0 | [-1890, 61, 1187]
T+07:09:41 |   9  69  37  17  33 100   0   0   0 | [-1890, 61, 1187]
T+07:10:24 |   9  69  37  17  33 100   0   0   0 | [-1890, 61, 1187]
T+07:11:25 |   9  69  37  17  33 100   0   0   0 | [-1890, 61, 1187]
T+07:13:09 |   9  69  37  17  33 100   0   0   0 | [-1890, 61, 1187]
